KOEN1
24
27
<CIRCLE 336 165 1 0 0>; 1.07982 1.07614 1.0302 1.07725 1.03957 1.03997 1.00135 1.02936 1.02506 0.535219 -0.0417931 -0.283931 -0.773009 -0.327687 0.108544 -0.0981956 -0.0793032 -0.119886 -1.02754 0.016807 0.297988 0.582349 -0.203496 0.275622;
<CIRCLE 336 93 1 0 0>; 1.02621 1.02803 1.03556 1.02692 1.0289 1.03047 1.00038 1.00384 1.00257 0.0531011 0.318591 0.234398 -0.0945315 -0.0435651 0.228116 -0.0398782 0.227419 0.199021 -0.0997749 -0.153554 -0.0530361 0.0145482 0.444613 0.519979;
<CIRCLE 316 250 1 0 0>; 1.04735 1.05973 1.08073 1.05207 1.05856 1.06822 1.00276 1.01013 1.00368 0.0456934 0.189624 0.218759 -0.091492 -0.193047 -0.179893 -0.0624905 0.0924763 0.0423869 -0.207324 -0.344275 -0.38842 -0.0405114 0.277347 0.515181;
<CIRCLE 349 119 1 0 0>; 1.16866 1.23909 1.32783 1.20034 1.22963 1.27471 1.00504 1.02632 1.01256 -1.35366 -3.77474 -2.8076 -1.85541 -1.93925 0.0726506 -3.07555 -4.85833 -3.7362 -0.768525 2.37745 1.716 -4.23076 -5.49081 -5.14424;
<CIRCLE 362 217 1 0 0>; 1.02132 1.02593 1.03062 1.0227 1.02331 1.02586 1.00182 1.00518 1.00472 -0.331192 -0.2678 0.0320491 -0.108588 -0.26163 -0.211162 -0.453272 -0.391612 -0.232762 0.099778 0.0676481 -0.260936 -0.810294 -0.180839 -0.351912;
<CIRCLE 329 178 1 0 0>; 1.07291 1.05812 1.03389 1.05933 1.043 1.03144 1.01166 1.01969 1.02831 -0.451978 1.14097 1.24876 -0.762889 -0.414471 -0.397533 -0.635804 0.063041 0.733628 0.116781 -1.40814 -1.26633 -1.17547 1.31167 2.17192;
<CIRCLE 336 119 1 0 0>; 1.02349 1.02487 1.0337 1.02404 1.02637 1.02721 1.00028 1.00432 1.00404 0.0519137 0.17772 0.161322 0.0552709 0.0925827 0.163736 0.110075 0.267793 0.292523 0.0364838 -0.0361151 -0.0136097 0.165415 0.485177 0.236419;
<CIRCLE 342 158 1 0 0>; 1.13422 1.17629 1.22201 1.15192 1.15914 1.19042 1.00546 1.03159 1.01435 -1.40684 -4.85255 -3.93817 1.05403 0.976893 -0.833698 -0.137958 -3.03903 -2.3613 2.20385 4.29069 3.19948 -1.24836 -5.93061 -9.11305;
<CIRCLE 329 250 1 0 0>; 1.0433 1.05834 1.07424 1.04938 1.05388 1.06456 1.00269 1.00909 1.00321 -0.185789 -0.123261 -0.0364485 -0.183043 -0.230808 -0.133072 -0.370021 -0.328425 -0.280824 -0.0571626 -0.0037002 -0.085599 -0.548986 -0.34716 -0.119609;
<CIRCLE 25 121 1 0 0>; 1.05245 1.05984 1.07966 1.05194 1.04732 1.05053 1.00799 1.03594 1.03683 0.684868 -3.92414 -4.68783 -0.438594 -0.319055 -0.0744036 0.322882 -4.62652 -5.38865 -0.96712 2.90367 3.83502 0.995771 -9.25206 -6.80098;
<CIRCLE 19 91 1 0 0>; 1.09001 1.09464 1.09307 1.08366 1.07126 1.07566 1.01604 1.03821 1.03412 0.468736 -0.580058 -0.039527 0.36737 0.403614 -0.511668 0.850336 -0.0399784 0.389609 0.00266425 0.0782833 -0.451326 1.20883 0.384293 -0.599901;
<CIRCLE 33 153 1 0 0>; 1.02932 1.03273 1.03376 1.03077 1.03006 1.03161 1.0005 1.00288 1.00317 0.0626976 0.214372 0.210214 -0.179908 -0.218319 -0.141136 -0.116011 0.0456257 -0.000209674 -0.28258 -0.370518 -0.360903 -0.0539797 0.233646 0.58943;
<CIRCLE 19 105 1 0 0>; 1.08995 1.09453 1.08331 1.08821 1.05675 1.06113 1.0074 1.05734 1.05304 0.265925 -0.677319 -0.601376 0.123406 -0.0968005 0.708063 0.355942 -0.594841 -0.745313 -0.369327 1.16148 1.13344 0.569069 -1.24751 -1.93796;
<CIRCLE 17 139 1 0 0>; 1.22019 1.35632 1.28576 1.27609 1.23433 1.30139 1.01631 1.02973 1.0297 2.09959 3.00254 1.73169 2.63257 6.13418 3.74023 5.63384 5.90318 6.89661 2.46343 -0.169675 2.49979 8.68284 7.9939 3.64027;
<CIRCLE 33 123 1 0 0>; 1.06991 1.08996 1.09344 1.07614 1.07266 1.08011 1.00697 1.01677 1.02156 -0.756572 -0.0237458 0.85624 -0.90059 -1.04352 -1.48275 -1.72919 -1.02008 -0.314606 -0.367667 -1.1408 -2.02788 -2.43225 0.151986 1.00473;
<CIRCLE 33 105 1 0 0>; 1.15765 1.16601 1.12972 1.15724 1.11634 1.12161 1.00795 1.04943 1.0471 -1.6951 -5.36211 -5.02347 -0.648885 0.710343 2.98894 -2.02323 -4.57715 -3.02844 2.01193 8.11204 7.88425 -3.34715 -7.0822 -12.408;
<CIRCLE 19 121 1 0 0>; 1.04349 1.05608 1.08455 1.04477 1.0439 1.05219 1.00958 1.03854 1.03455 0.105617 0.711916 -0.62449 0.0193507 -0.0679992 -0.155479 0.0925382 0.760418 -0.715688 -0.167941 -1.0169 0.379588 0.182255 -1.26708 1.79634;
<CIRCLE 14 150 1 0 0>; 1.18687 1.25769 1.20352 1.21657 1.17183 1.21017 1.00857 1.04023 1.03356 1.52215 8.52283 8.54856 -1.1805 1.91429 4.21717 1.14192 8.26095 10.318 -1.19868 -5.42939 -3.70245 3.88452 19.1003 14.6621;
<CIRCLE 585 118 1 0 0>; 1.0398 1.04801 1.05634 1.03914 1.04378 1.04551 1.00919 1.00818 1.01278 -0.012174 0.0989183 0.103429 -0.0402159 -0.0417466 0.048099 -0.0439002 0.0580155 0.0606434 -0.0263207 -0.04794 -0.0724615 -0.054794 0.123099 0.130127;
<CIRCLE 585 66 1 0 0>; 1.05849 1.04948 1.05321 1.05013 1.04303 1.04858 1.00734 1.02473 1.00528 2.71607 4.857 2.18216 0.691204 0.485876 0.177773 3.39006 5.55667 2.55603 -2.09453 -4.28996 -1.8005 5.92856 4.48656 9.09571;
<CIRCLE 585 174 1 0 0>; 1.39828 1.34827 1.16941 1.37133 1.24261 1.23067 1.0025 1.059 1.04104 2.68466 5.43581 3.43365 13.1728 11.9238 6.08641 15.1333 17.7789 14.3782 10.1075 3.24097 4.41322 17.006 15.7862 0.205195;
<CIRCLE 568 92 1 0 0>; 1.07369 1.06513 1.05567 1.06842 1.05796 1.05749 1.00184 1.01267 1.0055 -0.532415 -1.46042 -0.924068 -0.0858094 0.135673 0.438771 -0.546163 -1.40903 -0.719168 0.593004 1.75103 1.28837 -1.00938 -1.58483 -3.01489;
<CIRCLE 572 144 1 0 0>; 1.03192 1.03864 1.03516 1.03386 1.03126 1.03471 1.00273 1.00443 1.00424 0.936287 0.412616 -0.240496 0.684249 0.669096 0.529788 1.60233 1.14344 0.501022 -0.202374 0.120715 0.748027 2.47975 0.288972 0.314899;
<CIRCLE 590 113 1 0 0>; 1.12771 1.16706 1.19645 1.13647 1.14991 1.17225 1.019 1.02038 1.01613 -0.738693 -0.419588 0.420792 -0.522727 -0.131954 -0.290175 -0.405299 -0.418641 0.660425 0.730789 0.17151 0.0772785 -1.19861 0.322378 -0.00468533;
<CIRCLE 590 92 1 0 0>; 1.05256 1.04956 1.05566 1.04887 1.04323 1.04894 1.00417 1.02096 1.007 0.197328 0.460755 0.277073 -0.187463 0.0562086 0.597972 -0.0169924 0.210086 0.336718 -0.148137 -0.00120378 0.262202 0.149013 0.617707 0.535247;
<CIRCLE 577 109 1 0 0>; 1.3566 1.4657 1.55967 1.4 1.42019 1.49325 1.01447 1.04903 1.02521 2.50658 3.72395 0.96462 3.37963 3.07905 3.27592 5.09809 5.96154 3.65618 1.34096 0.781002 2.54139 6.80172 4.37844 1.90875;
<CIRCLE 577 170 1 0 0>; 1.16676 1.15146 1.07772 1.15721 1.09489 1.09406 1.00325 1.04893 1.03674 2.80379 4.05778 2.34488 3.43076 3.8159 1.12824 5.93533 6.28977 4.98297 1.37185 -2.08905 -0.435237 8.46477 6.41552 4.35582;
