KOEN1
24
45
<CIRCLE 174 159 1 0 0>; 1.32369 1.33741 1.25549 1.32977 1.28529 1.29234 1.00116 1.00599 1.00537 -0.296148 -0.265922 -0.0195093 -3.04404 -2.63341 -1.49836 -3.03751 -2.49678 -2.18988 -2.67984 -1.76836 -1.7997 -2.9868 -1.8263 2.20813;
<CIRCLE 174 61 1 0 0>; 1.02567 1.02746 1.02772 1.02647 1.02643 1.02733 1.00019 1.00051 1.00049 0.158275 0.24411 0.094113 0.166264 0.192161 0.181949 0.311068 0.38567 0.273662 0.0468086 -0.0304968 0.107239 0.455257 0.347613 0.251288;
<CIRCLE 204 272 1 0 0>; 1.10786 1.3162 1.2728 1.13821 1.13365 1.29289 1.12554 1.0972 1.00221 -2.47762 -2.19037 0.216468 0.0160148 -3.20868 -3.00625 -2.63504 -2.32375 -3.10593 0.128069 0.213276 -3.15914 -4.86285 -2.94969 -2.94049;
<CIRCLE 159 99 1 0 0>; 1.01674 1.01689 1.0174 1.0168 1.01677 1.01679 1.00003 1.00059 1.00071 0.00488184 -0.0403477 -0.0467653 -0.00601822 -0.00260837 -0.0345843 -0.000809848 -0.0476067 -0.0507807 -0.00776541 0.00809413 0.0149098 0.00432869 -0.100298 -0.0497399;
<CIRCLE 152 212 1 0 0>; 1.26105 1.28045 1.11913 1.23145 1.151 1.14775 1.06478 1.06527 1.08779 -4.3351 -1.0312 5.85063 -0.327822 -0.418585 0.0366424 -2.89031 -1.30413 5.89609 4.77627 0.939594 -4.81192 -6.27255 11.6722 -1.73913;
<CIRCLE 197 174 1 0 0>; 1.57331 1.70235 1.7624 1.63185 1.65241 1.72947 1.00578 1.0155 1.00306 8.33199 15.1776 7.13636 26.8742 24.0427 18.689 31.6453 34.9309 26.9233 20.1228 12.726 16.0632 35.6505 29.5776 -5.12002;
<CIRCLE 197 114 1 0 0>; 1.01686 1.01685 1.01699 1.01669 1.01667 1.01674 1.00033 1.00051 1.00036 -0.00107958 0.0398437 0.063569 -0.030578 -0.0474767 0.0075086 -0.0312133 0.00875031 0.0149199 -0.0471961 -0.0339283 -0.0566366 -0.0317787 0.0789547 0.0724357;
<CIRCLE 159 152 1 0 0>; 1.38782 1.2916 1.10451 1.32833 1.17862 1.1649 1.01589 1.10346 1.05129 -1.32103 -5.34397 -4.58329 16.0328 13.6304 4.16391 12.9852 3.57283 4.10624 16.3929 12.4518 10.9656 10.3635 -3.43893 -23.5885;
<CIRCLE 152 265 1 0 0>; 1.27886 1.1792 1.07887 1.21914 1.1237 1.10884 1.01461 1.09268 1.03471 0.371236 1.72133 1.09457 -0.815784 0.328219 0.00249958 0.371227 2.16048 1.46556 -0.416663 -1.7429 -1.08238 1.28332 2.43827 3.83669;
<CIRCLE 73 154 1 0 0>; 1.06492 1.08086 1.03926 1.07167 1.04753 1.05202 1.00221 1.00857 1.01496 -0.270856 0.148515 0.306801 -0.182974 -0.62212 0.0902264 -0.603872 0.153914 0.176859 -0.113208 -0.13305 -0.346858 -1.09437 0.737183 0.383263;
<CIRCLE 82 65 1 0 0>; 1.19112 1.2702 1.29051 1.1987 1.22771 1.25816 1.05295 1.01983 1.03553 -0.926443 -0.569458 0.473989 -1.82182 -1.79415 -2.12547 -2.33213 -2.54937 -0.836651 -0.72916 -1.896 -1.87152 -3.39481 -1.07151 1.0989;
<CIRCLE 57 259 1 0 0>; 1.41563 1.62694 1.75693 1.50583 1.47468 1.60515 1.01571 1.1437 1.10942 0.673588 -5.81159 -8.99529 -12.1738 -22.709 -32.3079 -13.9792 -19.5028 -30.0301 -19.4435 -27.1948 -31.1279 -16.4121 -33.7458 16.1797;
<CIRCLE 98 106 1 0 0>; 1.36399 1.55491 1.56232 1.44782 1.45043 1.5585 1.01178 1.01295 1.00013 -2.40148 -2.37194 0.073451 -8.75441 -12.3817 -12.6706 -11.2053 -11.2047 -12.3923 -9.68357 -9.89541 -12.6547 -13.5511 -12.408 7.11606;
<CIRCLE 98 211 1 0 0>; 1.02445 1.02718 1.02078 1.02566 1.02071 1.02144 1.00029 1.00374 1.00496 0.0180638 0.038998 0.037533 0.108341 0.138897 0.0346045 0.132765 0.141889 0.160259 0.111929 0.000215382 0.00247703 0.159347 0.179835 0.0366965;
<CIRCLE 57 162 1 0 0>; 2.37102 2.50506 2.25798 2.43473 2.31111 2.37541 1.00196 1.00234 1.00245 0.80251 4.58474 3.91138 -8.47058 -10.4104 -10.4133 -8.86461 -6.78481 -8.3482 -10.0082 -12.0062 -12.4364 -9.25867 -6.18191 13.5912;
<CIRCLE 57 114 1 0 0>; 1.12963 1.1567 1.1582 1.13847 1.13874 1.15418 1.00813 1.00895 1.00569 0.210791 0.227608 0.0255524 0.867611 0.910888 0.984161 0.807961 0.850654 0.823457 0.556609 0.55462 0.761416 1.1353 1.05223 -0.586262;
<CIRCLE 90 154 1 0 0>; 1.05993 1.05926 1.04594 1.05672 1.04873 1.04308 1.00545 1.00799 1.0183 0.22198 -0.181056 -0.463998 -0.00691106 0.0603327 -0.197527 0.205395 -0.197076 -0.384756 -0.152742 0.0301902 0.358125 0.435088 -0.737394 -0.244695;
<CIRCLE 98 259 1 0 0>; 1.28243 1.30598 1.16443 1.28712 1.20088 1.2199 1.01094 1.0355 1.02189 -5.41387 -5.00239 -1.19325 1.29609 -1.49872 -0.735214 -4.04977 -4.72769 -2.19008 2.9088 2.78443 -0.10237 -8.30332 -2.87987 -7.52518;
<CIRCLE 537 243 1 0 0>; 1.0307 1.05915 1.06485 1.04096 1.0427 1.06175 1.00745 1.0095 1.00048 -0.557912 -0.410112 0.339331 -0.435201 -0.667593 -0.720169 -0.957738 -0.815919 -0.33997 -0.167337 -0.379638 -1.04185 -1.44518 -0.0186458 0.000216393;
<CIRCLE 542 211 1 0 0>; 1.0604 1.08261 1.09455 1.06962 1.07437 1.08766 1.00342 1.00553 1.00167 -0.18299 -0.233487 -0.0447852 -0.338572 -0.643219 -0.716677 -0.538813 -0.589451 -0.682044 -0.433227 -0.462847 -0.677725 -0.735148 -0.722397 0.201086;
<CIRCLE 539 275 1 0 0>; 2.70994 2.84166 1.79549 2.75603 2.15789 2.20305 1.01382 1.04492 1.05125 8.54993 4.61573 -1.02731 -5.46259 -17.8815 -7.12257 -2.70205 -3.03961 -15.7904 -20.5091 -10.7765 -8.45233 0.030782 -13.3854 13.1309;
<CIRCLE 537 222 1 0 0>; 1.23979 1.5205 1.54578 1.35092 1.35938 1.53197 1.03295 1.03709 1.00145 1.32449 -0.076536 -2.20611 1.88862 2.71969 1.87173 3.02421 1.60786 0.446579 1.66605 2.71031 4.14034 3.95173 -1.81021 -3.12093;
<CIRCLE 531 265 1 0 0>; 2.01277 2.10585 1.88938 2.05478 1.93836 1.98521 1.0039 1.01215 1.00957 -2.19175 -3.15456 -1.36803 1.6113 -3.96943 -2.53682 -2.49242 -2.74094 -4.45397 0.33874 1.58531 -2.03124 -6.70457 -4.9224 -5.51288;
<CIRCLE 542 249 1 0 0>; 1.02109 1.02854 1.03315 1.02374 1.02464 1.03008 1.00209 1.00482 1.00147 -0.330782 -0.370668 0.114104 -0.226542 -0.32405 -0.429586 -0.534236 -0.56738 -0.205928 -0.0188963 -0.0825858 -0.530166 -0.834877 -0.102394 -0.246481;
<CIRCLE 545 219 1 0 0>; 1.23071 1.41347 1.42949 1.30736 1.3128 1.42019 1.01777 1.0208 1.00179 0.856675 -0.122671 -1.32817 0.954198 -1.27181 -2.84983 0.838885 -0.368005 -3.00504 -0.381805 -0.280753 -1.1129 0.277574 -4.74945 -1.48668;
<CIRCLE 534 243 1 0 0>; 1.031 1.05857 1.06539 1.04103 1.0431 1.0617 1.00706 1.00954 1.00052 -0.355672 -0.438017 -0.102049 -0.425941 -0.672632 -0.612929 -0.756473 -0.820422 -0.73018 -0.364874 -0.300934 -0.5785 -1.06163 -0.768624 -0.0805788;
<CIRCLE 534 275 1 0 0>; 3.50225 4.13603 2.39141 3.78474 2.86027 3.08285 1.01125 1.02373 1.04071 -0.69859 -0.727683 -0.273821 -21.8538 -30.1061 -13.2428 -26.3979 -21.8162 -25.5286 -25.9767 -13.6483 -16.4376 -30.3953 -20.6432 13.6044;
<CIRCLE 427 221 1 0 0>; 1.01644 1.01647 1.0167 1.01639 1.01633 1.01628 1.00012 1.00047 1.00059 -0.040696 -0.0246598 0.0051916 0.0417142 0.0154923 0.0142678 0.00179488 0.0172971 0.0198363 0.0550997 0.0384138 0.00913421 -0.0377878 0.0249655 -0.0628534;
<CIRCLE 427 189 1 0 0>; 1.02723 1.03073 1.03374 1.02847 1.02862 1.03077 1.00098 1.00362 1.00285 0.00811416 -0.120387 -0.145108 -0.409263 -0.468898 -0.389477 -0.400909 -0.533087 -0.608771 -0.472368 -0.306877 -0.278646 -0.396934 -0.716805 0.185032;
<CIRCLE 435 252 1 0 0>; 1.01655 1.01639 1.0167 1.01636 1.01634 1.01621 1.00021 1.00056 1.00066 -0.0416125 -0.0421781 -0.00038444 0.0404684 0.00719258 0.00534318 -0.00211661 -0.00323559 0.00596184 0.0486035 0.0484096 0.00646049 -0.0434943 0.00484806 -0.0918484;
<CIRCLE 424 201 1 0 0>; 1.04821 1.05727 1.073 1.05151 1.05793 1.06381 1.00233 1.00493 1.00243 -0.156182 -0.820557 -0.819807 -0.373686 -0.485954 -0.858223 -0.52661 -1.22495 -1.36919 -0.329794 0.120738 0.097579 -0.681662 -2.27321 -1.0358;
<CIRCLE 421 244 1 0 0>; 1.01637 1.01639 1.01745 1.01635 1.01659 1.01649 1.00007 1.00064 1.00085 0.0406691 -0.0407134 -0.103561 0.024495 0.0545293 0.0106874 0.0649667 -0.015593 -0.0478602 0.0140104 0.0487223 0.111571 0.105597 -0.148473 -0.0887878;
<CIRCLE 432 224 1 0 0>; 1.01647 1.01647 1.01669 1.01638 1.01638 1.01633 1.00018 1.0004 1.0005 -0.0674826 -0.0357235 0.00407651 0.0419594 1.75784e-05 0.00218788 -0.0252237 0.00619207 0.00308628 0.066774 0.0375906 -0.00204993 -0.0920635 0.00747465 -0.0733877;
<CIRCLE 429 198 1 0 0>; 1.06088 1.07162 1.09936 1.06503 1.07629 1.08367 1.00227 1.00681 1.0032 -0.341381 -0.500416 -0.0886918 -0.61177 -0.798094 -1.09331 -0.982807 -1.16005 -0.919374 -0.398547 -0.46033 -0.94452 -1.37462 -1.0537 -0.126828;
<CIRCLE 424 221 1 0 0>; 1.01636 1.01639 1.01656 1.01633 1.01624 1.0162 1.00009 1.00042 1.00053 -0.0368401 -0.0402355 -0.00705245 0.0381046 0.0132157 0.00662022 0.00186719 -0.00240536 0.00543453 0.0494908 0.0460361 0.0133205 -0.0343305 -0.00127417 -0.0863945;
<CIRCLE 421 255 1 0 0>; 1.01634 1.01645 1.0169 1.01632 1.01629 1.01645 1.00015 1.00064 1.00045 0.0111007 0.0877523 0.078852 0.0158269 0.0225231 0.0754787 0.026644 0.102997 0.100785 0.0127667 -0.0102461 -0.00261244 0.0364313 0.179452 0.0969817;
<CIRCLE 457 223 1 0 0>; 1.01639 1.01632 1.01637 1.01627 1.01628 1.01627 1.00015 1.0002 1.00015 -0.0298979 -0.0471289 -0.0194499 0.0301497 0.00859307 -0.00272833 -0.000893252 -0.0174345 -0.0103471 0.0391056 0.0435484 0.0150327 -0.0313961 -0.028053 -0.0911394;
<CIRCLE 461 178 1 0 0>; 1.48347 1.59665 1.67888 1.53683 1.57135 1.63567 1.00285 1.00868 1.00194 0.486155 0.221362 -0.35186 2.52561 2.51106 3.36877 2.82875 2.81104 2.47784 2.25107 3.03923 3.35381 3.08559 2.481 -2.71253;
<CIRCLE 465 265 1 0 0>; 1.01721 1.01826 1.01987 1.01745 1.01753 1.01847 1.00056 1.00199 1.00117 -0.0202107 0.157992 0.205495 -0.0146029 -0.0155078 0.112201 -0.0301269 0.148865 0.19165 -0.0035825 -0.0709829 -0.103551 -0.0426005 0.404481 0.239558;
<CIRCLE 449 189 1 0 0>; 1.02804 1.03556 1.02611 1.03009 1.02509 1.02807 1.00332 1.00386 1.00536 -0.0377864 0.0375426 0.0709481 -0.42973 -0.484469 -0.283694 -0.446592 -0.407641 -0.46459 -0.473581 -0.321254 -0.34478 -0.463583 -0.414391 0.347902;
<CIRCLE 457 253 1 0 0>; 1.01661 1.01653 1.01707 1.01623 1.01601 1.01642 1.00067 1.00164 1.00075 -0.106164 -0.169188 -0.110353 0.067064 0.00780973 -0.0590863 -0.0391942 -0.102306 -0.104133 0.113611 0.111277 0.0511068 -0.144824 -0.214396 -0.280335;
<CIRCLE 465 234 1 0 0>; 1.01715 1.02081 1.02155 1.01818 1.01839 1.0211 1.00157 1.00187 1.00016 -0.111986 -0.0731819 0.0626288 -0.0093733 -0.0413896 -0.00661506 -0.108282 -0.0696455 0.0227978 0.0464732 0.0317687 -0.0701345 -0.192835 0.08569 -0.0902606;
<CIRCLE 453 193 1 0 0>; 1.10289 1.07648 1.11392 1.08573 1.10637 1.09107 1.00716 1.00366 1.00729 1.3209 0.507106 -0.934292 -1.48384 -1.01353 -1.19949 0.13458 -0.730722 -2.08436 -2.60271 -1.92009 -0.21959 1.71896 -3.1053 2.67671;
<CIRCLE 446 227 1 0 0>; 1.01644 1.01644 1.01627 1.01637 1.01625 1.01626 1.00013 1.0002 1.00018 0.0186188 -0.0117315 -0.0269063 0.0118821 0.02245 0.00446474 0.0307365 0.000779992 -0.00428347 0.003228 0.0158914 0.0315732 0.0500343 -0.0315445 -0.027034;
<CIRCLE 457 265 1 0 0>; 1.01648 1.01646 1.01729 1.01631 1.01617 1.01656 1.00031 1.00141 1.00062 -0.0643122 -0.123602 -0.0392039 0.0409734 -0.00124454 -0.0305309 -0.0233646 -0.0839465 -0.0414702 0.0626665 0.0933064 0.0101532 -0.0872657 -0.0817751 -0.219296;
